[1.0, 1.0]
[1.0, 1.0]
[0.1, 10.0]
[0.1767369884437498, 5.658125154250157]
[0.13306323462565844, 7.51522389195829]
[0.13306323462565844, 7.51522389195829]
[0.12412648061943596, 9.158227226931642]
[0.2188958789474795, 4.6898274172940235]
[0.1767369884437498, 5.658125154250157]
[0.26823801536439734, 3.7280323545546477]
[0.8923615696142018, 1.1206219923078198]
[0.24980589546280024, 4.003108085769395]
[0.12412648061943596, 9.158227226931642]
[0.6861633411063579, 1.47931335872836]
[0.9594203878999849, 1.0422959659934237]
[0.3209145474110853, 3.1160943250073965]
[0.6357299811353229, 1.5729948715241382]
[0.475026726345654, 2.105144709841754]
[0.22136434857756832, 4.517439264388095]
[0.3209145474110853, 3.1160943250073965]
[0.43883450147278047, 2.278763398602165]
[0.645077695174967, 1.5502008633685063]
[0.9594203878999849, 1.0422959659934237]
[0.43883450147278047, 2.278763398602165]
[0.7454900389196055, 1.3413995463296071]
[0.22136434857756832, 4.517439264388095]
[0.3441529413384779, 2.905684885652306]
[0.7172042849868436, 1.437543568412227]
[0.40977771130100293, 2.4403474674723054]
[0.7873656331264939, 1.2700579729765085]
[0.3332093528231932, 3.0011162397671884]
[0.5959436023266351, 1.6780111341004087]
[0.40977771130100293, 2.4403474674723054]
[0.38610192961951306, 2.589989645960737]
[0.8495553401478368, 1.1770863565238532]
[0.8138623374023661, 1.2501088577512727]
[0.5512651029245843, 1.8140092574240179]
[0.570696427068425, 1.7522450686030009]
[0.8138623374023661, 1.2501088577512727]
[0.7873656331264939, 1.2700579729765085]
[0.5228007649975277, 1.912774553810626]
[0.36740856699425545, 2.721765603292629]
[0.3855372465703734, 2.5937831140718766]
[0.7454900389196055, 1.3413995463296071]
[0.875075425708012, 1.142758636138037]
[0.7211872539677261, 1.3866024316130676]
[0.8662832138565985, 1.15435689391707]
[0.5197758313532166, 1.9239063066794353]
[0.8495553401478368, 1.1770863565238532]
[0.5443589380097027, 1.8370232032126126]
[0.4762131034736017, 2.0999002184227673]
[0.5028246401223322, 1.988764909684438]
[0.32215609775926934, 3.104085277154209]
[0.4905182404400301, 2.0386601711343664]
[0.5028246401223322, 1.988764909684438]
[0.2550566972140258, 3.920696891800766]
[0.4905182404400301, 2.0386601711343664]
[0.5771930970951382, 1.7325224522481961]
[0.5929416260811994, 1.6865066576773895]
[0.5443589380097027, 1.8370232032126126]
[0.3578569651035194, 2.794412565676133]
[0.26205002055772647, 3.8160653369600177]
[0.26205002055772647, 3.8160653369600177]
[0.5959436023266351, 1.6780111341004087]
[0.3578569651035194, 2.794412565676133]
[0.5771930970951382, 1.7325224522481961]
[0.25708005854618476, 3.8898388527492447]
[0.7211872539677261, 1.3866024316130676]
[0.25708005854618476, 3.8898388527492447]
[0.5929416260811994, 1.6865066576773895]
[0.6424885216285565, 1.556448039671178]
[0.36193399604273224, 2.762934708907349]
[0.36193399604273224, 2.762934708907349]
[0.6424885216285565, 1.556448039671178]
[0.3585148493939497, 2.789284744245453]
[0.3636799304244837, 2.7496705656339344]
[0.3636799304244837, 2.7496705656339344]
[0.3585148493939497, 2.789284744245453]
[0.36584008170488835, 2.7334347711158355]
[0.36584008170488835, 2.7334347711158355]
[0.36634469131662284, 2.7296696900562543]
[0.36634469131662284, 2.7296696900562543]
[0.32198665776019514, 3.1057187492059577]
[0.32198665776019514, 3.1057187492059577]
[1.0, 1.0]
[1.0, 1.0]
[1.0, 1.0]
[0.8495553401478368, 1.1770863565238532]
[0.7873656331264939, 1.2700579729765085]
[0.7873656331264939, 1.2700579729765085]
[0.6424885216285565, 1.556448039671178]
[0.5959436023266351, 1.6780111341004087]
[0.5959436023266351, 1.6780111341004087]
[0.5929416260811994, 1.6865066576773895]
[0.5771930970951382, 1.7325224522481961]
[0.5443589380097027, 1.8370232032126126]
[0.5028246401223322, 1.988764909684438]
[0.43883450147278047, 2.278763398602165]
[0.36634469131662284, 2.7296696900562543]
[0.36584008170488835, 2.7334347711158355]
