-146
84
0
59
95
-116
62
13
122
35
-23
44
61
107
22
-119
0
166
84
156
-128
24
72
67
12
96
15
154
39
70
-22
109
189
173
57
-30
35
86
48
64
-125
2
43
12
0
36
2
113
181
65
-48
36
22
9
92
-124
100
0
9
0
2
53
93
32
85
14
0
179
126
30
-124
34
61
15
74
-123
33
68
167
88
-126
66
74
0
69
3
25
76
33
116
84
0
11
73
31
-51
73
60
70
32
-22
5
133
20
8
-106
54
3
79
13
-6
47
138
3
142
-30
0
120
49
90
92
58
47
83
29
-128
33
53
11
50
-2
102
133
74
114
-94
128
138
17
145
-61
42
0
24
128
94
49
0
42
102
-5
32
111
70
51
-1
0
161
47
108
-38
0
34
60
99
-115
106
0
75
167
-95
24
130
59
138
-42
2
155
33
77
34
37
135
19
211
28
60
19
17
0
18
62
75
76
101
81
17
129
41
2
-22
122
76
16
115
104
10
182
98
105
12
58
115
108
164
-28
15
107
103
59
68
24
95
17
102
-45
82
178
71
142
-66
87
78
98
19
-127
83
71
1
149
-47
124
31
20
100
-87
56
40
42
21
-32
31
130
44
200
105
7
100
6
48
-98
56
11
86
24
55
25
91
72
108
-78
35
93
79
118
-78
132
0
126
121
-2
34
24
134
155
-44
9
33
38
150
-52
40
98
28
17
17
27
42
18
13
-120
0
20
68
19
-43
36
31
16
18
-8
26
105
0
160
46
119
80
90
9
73
70
65
24
102
-107
88
117
19
16
-96
13
21
3
111
63
44
142
84
84
55
4
7
33
154
-29
61
13
90
23
-121
105
74
68
74
-45
37
121
142
37
-94
15
70
94
0
34
86
149
23
107
23
11
39
60
28
-41
64
155
25
20
42
2
198
1
136
-85
32
60
154
94
-122
6
49
7
123
-56
103
17
43
76
-114
25
49
1
80
22
78
186
118
155
38
48
6
52
99
-122
32
135
6
95
-97
81
0
3
81
39
52
143
133
146
-123
25
52
10
52
-57
40
90
112
66
-50
28
89
32
115
-122
57
173
35
16
-104
23
157
9
7
-86
87
12
64
3
-71
3
85
80
65
-27
32
56
7
141
30
0
55
14
88
55
35
118
78
161
-43
61
20
100
195
126
81
91
156
189
37
40
155
68
2
-52
20
0
80
53
-29
62
35
8
128
107
8
17
9
35
-24
44
99
0
0
-123
32
198
17
40
-121
57
15
27
201
-89
86
35
13
61
28
4
56
28
200
1
80
154
7
112
63
25
111
11
49
1
3
71
14
3
-128
105
145
23
70
-128
30
20
25
35
-122
35
92
84
0
-106
107
49
38
81
-128
46
101
21
124
-128
5
114
43
36
88
0
0
91
30
-2
34
27
40
76
103
61
175
8
90
86
21
120
113
202
-87
15
121
79
95
-127
19
35
86
122
106
108
161
119
47
3
23
43
9
138
102
37
200
16
1
69
28
63
13
43
-119
19
132
91
3
70
61
63
36
53
-124
33
183
139
49
56
87
65
31
64
73
89
171
17
45
115
0
139
1
67
-124
75
0
58
120
-1
25
56
0
121
-45
99
79
0
140
-119
9
107
67
72
-11
119
187
98
19
-112
0
55
71
38
81
31
145
0
128
-35
39
174
32
147
-103
133
66
101
100
-11
111
105
8
165
-61
63
31
8
135
30
0
120
111
0
-117
57
74
19
0
-17
9
55
165
5
105
82
65
96
165
-128
111
34
0
21
0
112
98
117
216
83
22
59
29
76
93
68
58
110
191
50
7
105
152
113
94
40
158
108
2
-37
1
130
28
69
-84
49
161
90
11
-113
9
115
49
45
-119
9
101
15
24
-63
18
148
11
14
-128
3
25
0
65
-128
25
113
14
62
-108
99
132
22
4
27
125
18
33
178
109
25
66
110
141
60
59
36
68
166
-109
92
123
51
177
-128
96
136
128
33
60
7
77
97
89
27
15
63
22
0
-83
7
91
6
68
1
35
62
5
154
62
20
132
31
16
6
75
98
49
166
-83
61
75
122
68
-78
35
55
13
136
26
51
72
0
17
-125
6
64
0
85
29
57
133
39
138
-106
80
65
113
116
-90
40
87
32
29
-110
32
42
131
98
101
70
21
6
142
25
61
36
78
182
124
7
170
19
162
-72
76
109
39
48
-102
73
187
53
175
82
42
112
138
39
-75
76
18
21
18
-128
117
71
11
114
-83
63
95
35
14
78
57
154
63
110
-124
38
130
33
99
-118
113
64
79
25
-128
34
43
14
54
123
73
180
4
122
41
106
25
23
112
124
126
29
43
120
-128
63
22
48
81
102
106
87
182
128
-97
23
81
20
37
11
0
112
61
36
120
